88701879089
48234493436
34231249713
60914840856
77744694834
65585347839
32243351433
34231249713
97430637506
47123782100
98087792728
00495794860
03915782635
57897465708
43863328509
47597897891
89723728905
58454589042
44749772824
90199423159
84277094724
89268584925
02382464198
56679257493
13436099734
71106763891
58694041084
96831925288
68639277170
11425829123
08030344451
82199865907
60846050557
45274888971
32139565861
50107260769
01872213714
93758639494
17417653388
38877060133
09615189549
83342513268
56733806115
74257150139
40214010201
05483696271
76322469806
02382464198
55184119595
08696086038
36041970019
62317350151
71426140129
42403328708
21498111010
08340429950
13681275333
79928542961
43448452360
08427158291
11008960138
02138776880
44770586900
89114163702
77026750234
89498680581
22781563090
49901036821
12468943748
13079582726
61366153514
00971707579
92668857905
09680617935
60234212096
55303970725
87953799239
75369097655
17930394198
19900509357
35086196877
17228010133
06086026111
61959208924
07771395159
66497369758
48182841984
96580426144
89728678526
59797813299
16914810665
89007647973
71901040726
29985449829
01576296197
23366444564
55175756150
14839055670
84099573597
73898621550
06189593599
26063904270
89290599015
55323426620
54034013469
66497369758
48128294355
29165647371
36194429402
55087953149
99975555920
50842643037
14705672439
02119399001
07905723185
24204055599
64469111338
22385999627
93215499648
89056092129
60726474831
13731444857
13923486968
44149904707
64642426075
72192144463
23887758194
16142471365
88377185940
14377271208
54100163045
50405561602
48330674362
22781563090
55421937723
75983148164
80472091562
07050235916
37856840724
85437932055
37459100349
00538419263
77360493137
22467396335
31019209800
20506594631
78388754329
92278861533
27572335473
38795825296
47689267000
88144086658
32192640524
91823729112
77463611869
97361922452
53907474065
17578214522
41319376945
98106988745
05706819511
06360535791
36789496548
45072811783
52513396512
37931323179
60373951526
07567608019
13079582726
72013498606
35932858136
05955649064
38187197050
34055213230
84975019000
33396314892
80176084762
43443676240
97119719258
90653040886
03560311416
22340225587
73722798750
74225779542
08427158291
73819388995
17322796719
87886949963
25707799044
42540677133
41413445077
33937214677
41565329855
11984308823
11498103587
96465108354
88721546301
55343250081
48234493436
26609387584
22464880354
23953847502
37898359894
46097237340
81972170569
63445224963
90136150192
20989124641
27210776195
26293440311
57284997230
68042247045
72776579102
58891957464
58266127478
73952122324
63645184197
73649625593
30828071101
87570143258
24490434997
82684431246
94939800559
83696425258
93213420126
68795998013
57665312045
36896825730
83895327314
24733565852
40516367476
81777102228
69175663640
54695406640
94009457976
46269850255
87357025363
82829779987
28915102030
98868166918
10330176486
51757630087
44496664667
20195987266
82003865663
09429187379
22650907066
20487236095
41094861719
84729174005
94233939539
68380577188
39096575022
79564479019
50396668914
44858036664
13471463866
80830301654
44693811942
96917067408
76371728532
43448452360
97899511250
98656021150
32751211158
78361478158
98702968587
14297699178
11085139575
63357812499
67605966050
66555877920
51856422581
27119448863
44337201046
73443507779
54861865852
38015359510
25328868317
92380199177
85958622859
44186234903
02964899843
48234493436
92076078972
66756471610
06910018750
04690599469
37600269739
08141108743
14042986891
16376293292
82351948605
22975438028
57638356539
63465222969
32923149679
40190126138
49667631194
89300332815
21978372537
76835250181
13920769950
81251847820
31622857129
22301843922
16638173707
56596767604
41503632607
79854376113
36094180373
02623289128
98488012635
97793865620
52043320368
84691807407
15671087330
80990181770
87521242434
40214010201
65784826463
83236896519
97797359709
83053624128
59997325155
59663473913
52424244997
56621733211
56066429934
39863219522
11130693597
33864089662
71899853553
49575753102
85560881347
17970441221
93818464105
31634615392
46829443752
38410028694
66372828365
87554581895
19131536103
40879862550
07771395159
37600269739
22223241339
78777341332
44940759180
59180942776
11019939070
89279311822
36444689714
02253992767
47689267000
04538945253
04736403982
19973145882
48753969421
26358170393
21051448454
09644474964
11561921825
21446022242
93695402525
37026593689
53561434738
90718562068
61366153514
82160055318
80039355533
21987206053
35542986204
85824618768
18240708612
66942166370
46633704032
79213551284
82684431246
81558446550
57942143782
95680853361
74609286258
05992653880
78498872898
86775807624
89268584925
02800453515
01962286846
27410851253
70112523319
31918261279
38739081756
88781801466
92109354880
92791936777
68042247045
73110304250
55343250081
44386137143
